# Transmission spectrum extracted from transmission.png
# Columns: pixel_x, pixel_y, x_normalized, y_normalized
# Note: x_normalized and y_normalized are in range [0, 1]
# The actual wavelength/frequency and transmission values depend on the original plot axes
# Modify the ranges in the script if you know the actual axis values
#
# pixel_x    pixel_y    x_normalized    y_normalized(transmission)
     0.0     247.2  0.000000  0.356120
     1.0     246.9  0.000914  0.357096
     2.0     246.5  0.001828  0.358073
     3.0     328.0  0.002742  0.145833
     4.0     327.0  0.003656  0.148438
     5.0     326.0  0.004570  0.151042
     6.0     245.0  0.005484  0.361979
     7.0     244.6  0.006399  0.362956
     8.0     244.2  0.007313  0.363932
     9.0     322.0  0.008227  0.161458
    10.0     321.0  0.009141  0.164062
    11.0     320.0  0.010055  0.166667
    12.0     242.8  0.010969  0.367839
    13.0     242.4  0.011883  0.368815
    14.0     242.0  0.012797  0.369792
    15.0     316.0  0.013711  0.177083
    16.0     315.0  0.014625  0.179688
    17.0     314.0  0.015539  0.182292
    18.0     277.2  0.016453  0.277995
    19.0     240.5  0.017367  0.373698
    20.0     240.1  0.018282  0.374674
    21.0     311.0  0.019196  0.190104
    22.0     310.0  0.020110  0.192708
    23.0     309.5  0.021024  0.194010
    24.0     239.0  0.021938  0.377604
    25.0     261.8  0.022852  0.318142
    26.0     284.7  0.023766  0.258681
    27.0     307.5  0.024680  0.199219
    28.0     307.5  0.025594  0.199219
    29.0     306.5  0.026508  0.201823
    30.0     228.3  0.027422  0.405506
    31.0     228.3  0.028336  0.405506
    32.0     228.0  0.029250  0.406250
    33.0     305.5  0.030165  0.204427
    34.0     305.5  0.031079  0.204427
    35.0     305.5  0.031993  0.204427
    36.0     228.0  0.032907  0.406250
    37.0     228.0  0.033821  0.406250
    38.0     227.7  0.034735  0.406994
    39.0     304.5  0.035649  0.207031
    40.0     304.5  0.036563  0.207031
    41.0     304.5  0.037477  0.207031
    42.0     227.7  0.038391  0.406994
    43.0     227.7  0.039305  0.406994
    44.0     227.7  0.040219  0.406994
    45.0     304.5  0.041133  0.207031
    46.0     304.5  0.042048  0.207031
    47.0     305.0  0.042962  0.205729
    48.0     228.0  0.043876  0.406250
    49.0     228.0  0.044790  0.406250
    50.0     228.0  0.045704  0.406250
    51.0     306.0  0.046618  0.203125
    52.0     306.5  0.047532  0.201823
    53.0     307.0  0.048446  0.200521
    54.0     284.2  0.049360  0.259874
    55.0     261.4  0.050274  0.319227
    56.0     238.6  0.051188  0.378581
    57.0     308.5  0.052102  0.196615
    58.0     309.0  0.053016  0.195312
    59.0     309.5  0.053931  0.194010
    60.0     239.4  0.054845  0.376628
    61.0     239.6  0.055759  0.376139
    62.0     239.8  0.056673  0.375651
    63.0     312.0  0.057587  0.187500
    64.0     312.5  0.058501  0.186198
    65.0     313.0  0.059415  0.184896
    66.0     276.9  0.060329  0.278809
    67.0     240.9  0.061243  0.372721
    68.0     277.9  0.062157  0.276204
    69.0     315.0  0.063071  0.179688
    70.0     315.5  0.063985  0.178385
    71.0     316.0  0.064899  0.177083
    72.0     242.0  0.065814  0.369792
    73.0     242.2  0.066728  0.369303
    74.0     242.4  0.067642  0.368815
    75.0     318.5  0.068556  0.170573
    76.0     319.0  0.069470  0.169271
    77.0     319.5  0.070384  0.167969
    78.0     243.1  0.071298  0.366862
    79.0     243.5  0.072212  0.365885
    80.0     282.8  0.073126  0.263672
    81.0     322.0  0.074040  0.161458
    82.0     322.5  0.074954  0.160156
    83.0     323.0  0.075868  0.158854
    84.0     283.8  0.076782  0.260905
    85.0     244.6  0.077697  0.362956
    86.0     284.6  0.078611  0.258952
    87.0     324.5  0.079525  0.154948
    88.0     325.0  0.080439  0.153646
    89.0     325.5  0.081353  0.152344
    90.0     245.4  0.082267  0.361003
    91.0     272.4  0.083181  0.290582
    92.0     299.5  0.084095  0.220161
    93.0     326.5  0.085009  0.149740
    94.0     327.0  0.085923  0.148438
    95.0     327.5  0.086837  0.147135
    96.0     286.8  0.087751  0.253092
    97.0     246.1  0.088665  0.359049
    98.0     287.3  0.089580  0.251790
    99.0     328.5  0.090494  0.144531
   100.0     328.5  0.091408  0.144531
   101.0     329.0  0.092322  0.143229
   102.0     301.6  0.093236  0.214518
   103.0     274.2  0.094150  0.285807
   104.0     246.9  0.095064  0.357096
   105.0     330.5  0.095978  0.139323
   106.0     330.5  0.096892  0.139323
   107.0     330.5  0.097806  0.139323
   108.0     302.8  0.098720  0.211589
   109.0     275.0  0.099634  0.283854
   110.0     247.2  0.100548  0.356120
   111.0     331.5  0.101463  0.136719
   112.0     331.5  0.102377  0.136719
   113.0     331.5  0.103291  0.136719
   114.0     235.4  0.104205  0.386905
   115.0     235.4  0.105119  0.386905
   116.0     235.4  0.106033  0.386905
   117.0     331.5  0.106947  0.136719
   118.0     331.5  0.107861  0.136719
   119.0     331.5  0.108775  0.136719
   120.0     235.4  0.109689  0.386905
   121.0     235.4  0.110603  0.386905
   122.0     235.4  0.111517  0.386905
   123.0     331.5  0.112431  0.136719
   124.0     331.5  0.113346  0.136719
   125.0     331.5  0.114260  0.136719
   126.0     235.4  0.115174  0.386905
   127.0     235.1  0.116088  0.387649
   128.0     235.1  0.117002  0.387649
   129.0     330.5  0.117916  0.139323
   130.0     330.5  0.118830  0.139323
   131.0     330.5  0.119744  0.139323
   132.0     234.9  0.120658  0.388393
   133.0     234.9  0.121572  0.388393
   134.0     234.9  0.122486  0.388393
   135.0     329.5  0.123400  0.141927
   136.0     329.5  0.124314  0.141927
   137.0     328.5  0.125229  0.144531
   138.0     234.6  0.126143  0.389137
   139.0     234.6  0.127057  0.389137
   140.0     234.6  0.127971  0.389137
   141.0     327.5  0.128885  0.147135
   142.0     327.5  0.129799  0.147135
   143.0     327.0  0.130713  0.148438
   144.0     234.0  0.131627  0.390625
   145.0     234.0  0.132541  0.390625
   146.0     233.7  0.133455  0.391369
   147.0     325.5  0.134369  0.152344
   148.0     325.5  0.135283  0.152344
   149.0     325.5  0.136197  0.152344
   150.0     298.5  0.137112  0.222548
   151.0     271.6  0.138026  0.292752
   152.0     244.6  0.138940  0.362956
   153.0     323.5  0.139854  0.157552
   154.0     323.5  0.140768  0.157552
   155.0     322.5  0.141682  0.160156
   156.0     296.3  0.142596  0.228407
   157.0     270.1  0.143510  0.296658
   158.0     243.9  0.144424  0.364909
   159.0     321.5  0.145338  0.162760
   160.0     320.5  0.146252  0.165365
   161.0     320.5  0.147166  0.165365
   162.0     232.3  0.148080  0.395089
   163.0     232.3  0.148995  0.395089
   164.0     232.0  0.149909  0.395833
   165.0     319.5  0.150823  0.167969
   166.0     319.5  0.151737  0.167969
   167.0     319.0  0.152651  0.169271
   168.0     231.7  0.153565  0.396577
   169.0     231.4  0.154479  0.397321
   170.0     231.4  0.155393  0.397321
   171.0     317.5  0.156307  0.173177
   172.0     317.5  0.157221  0.173177
   173.0     316.5  0.158135  0.175781
   174.0     291.5  0.159049  0.240777
   175.0     266.6  0.159963  0.305773
   176.0     241.6  0.160878  0.370768
   177.0     315.5  0.161792  0.178385
   178.0     314.5  0.162706  0.180990
   179.0     314.5  0.163620  0.180990
   180.0     230.6  0.164534  0.399554
   181.0     230.6  0.165448  0.399554
   182.0     230.3  0.166362  0.400298
   183.0     313.5  0.167276  0.183594
   184.0     313.5  0.168190  0.183594
   185.0     313.5  0.169104  0.183594
   186.0     230.3  0.170018  0.400298
   187.0     230.0  0.170932  0.401042
   188.0     230.0  0.171846  0.401042
   189.0     312.5  0.172761  0.186198
   190.0     312.5  0.173675  0.186198
   191.0     311.5  0.174589  0.188802
   192.0     229.7  0.175503  0.401786
   193.0     229.7  0.176417  0.401786
   194.0     229.7  0.177331  0.401786
   195.0     311.5  0.178245  0.188802
   196.0     310.5  0.179159  0.191406
   197.0     310.5  0.180073  0.191406
   198.0     229.4  0.180987  0.402530
   199.0     229.4  0.181901  0.402530
   200.0     229.4  0.182815  0.402530
   201.0     309.5  0.183729  0.194010
   202.0     309.5  0.184644  0.194010
   203.0     309.5  0.185558  0.194010
   204.0     269.3  0.186472  0.298642
   205.0     229.1  0.187386  0.403274
   206.0     229.1  0.188300  0.403274
   207.0     309.5  0.189214  0.194010
   208.0     309.5  0.190128  0.194010
   209.0     309.5  0.191042  0.194010
   210.0     229.1  0.191956  0.403274
   211.0     229.1  0.192870  0.403274
   212.0     229.1  0.193784  0.403274
   213.0     309.5  0.194698  0.194010
   214.0     309.5  0.195612  0.194010
   215.0     309.5  0.196527  0.194010
   216.0     229.1  0.197441  0.403274
   217.0     229.1  0.198355  0.403274
   218.0     229.1  0.199269  0.403274
   219.0     309.5  0.200183  0.194010
   220.0     309.5  0.201097  0.194010
   221.0     309.5  0.202011  0.194010
   222.0     229.1  0.202925  0.403274
   223.0     229.1  0.203839  0.403274
   224.0     229.1  0.204753  0.403274
   225.0     309.5  0.205667  0.194010
   226.0     309.5  0.206581  0.194010
   227.0     310.0  0.207495  0.192708
   228.0     229.4  0.208410  0.402530
   229.0     229.4  0.209324  0.402530
   230.0     229.4  0.210238  0.402530
   231.0     310.5  0.211152  0.191406
   232.0     310.5  0.212066  0.191406
   233.0     310.5  0.212980  0.191406
   234.0     239.8  0.213894  0.375651
   235.0     263.7  0.214808  0.313368
   236.0     287.6  0.215722  0.251085
   237.0     311.5  0.216636  0.188802
   238.0     311.5  0.217550  0.188802
   239.0     311.5  0.218464  0.188802
   240.0     240.1  0.219378  0.374674
   241.0     264.4  0.220293  0.311415
   242.0     288.7  0.221207  0.248155
   243.0     313.0  0.222121  0.184896
   244.0     313.5  0.223035  0.183594
   245.0     313.5  0.223949  0.183594
   246.0     230.3  0.224863  0.400298
   247.0     230.3  0.225777  0.400298
   248.0     230.3  0.226691  0.400298
   249.0     314.0  0.227605  0.182292
   250.0     314.5  0.228519  0.180990
   251.0     314.5  0.229433  0.180990
   252.0     241.2  0.230347  0.371745
   253.0     266.0  0.231261  0.307292
   254.0     290.8  0.232176  0.242839
   255.0     315.5  0.233090  0.178385
   256.0     316.0  0.234004  0.177083
   257.0     317.0  0.234918  0.174479
   258.0     231.4  0.235832  0.397321
   259.0     231.4  0.236746  0.397321
   260.0     231.4  0.237660  0.397321
   261.0     318.0  0.238574  0.171875
   262.0     318.5  0.239488  0.170573
   263.0     318.5  0.240402  0.170573
   264.0     280.6  0.241316  0.269206
   265.0     242.8  0.242230  0.367839
   266.0     281.1  0.243144  0.267904
   267.0     319.5  0.244059  0.167969
   268.0     320.0  0.244973  0.166667
   269.0     320.5  0.245887  0.165365
   270.0     294.8  0.246801  0.232205
   271.0     269.2  0.247715  0.299045
   272.0     243.5  0.248629  0.365885
   273.0     322.0  0.249543  0.161458
   274.0     322.5  0.250457  0.160156
   275.0     322.5  0.251371  0.160156
   276.0     283.4  0.252285  0.262044
   277.0     244.2  0.253199  0.363932
   278.0     283.9  0.254113  0.260742
   279.0     323.5  0.255027  0.157552
   280.0     323.5  0.255941  0.157552
   281.0     324.0  0.256856  0.156250
   282.0     297.7  0.257770  0.224826
   283.0     271.3  0.258684  0.293403
   284.0     245.0  0.259598  0.361979
   285.0     325.5  0.260512  0.152344
   286.0     326.0  0.261426  0.151042
   287.0     326.5  0.262340  0.149740
   288.0     286.1  0.263254  0.254883
   289.0     245.8  0.264168  0.360026
   290.0     286.6  0.265082  0.253581
   291.0     327.5  0.265996  0.147135
   292.0     327.5  0.266910  0.147135
   293.0     328.0  0.267824  0.145833
   294.0     234.6  0.268739  0.389137
   295.0     234.6  0.269653  0.389137
   296.0     234.6  0.270567  0.389137
   297.0     329.0  0.271481  0.143229
   298.0     329.5  0.272395  0.141927
   299.0     329.5  0.273309  0.141927
   300.0     246.9  0.274223  0.357096
   301.0     274.8  0.275137  0.284505
   302.0     302.6  0.276051  0.211914
   303.0     330.5  0.276965  0.139323
   304.0     331.0  0.277879  0.138021
   305.0     331.5  0.278793  0.136719
   306.0     289.6  0.279707  0.245931
   307.0     247.6  0.280622  0.355143
   308.0     290.1  0.281536  0.244629
   309.0     332.5  0.282450  0.134115
   310.0     332.5  0.283364  0.134115
   311.0     333.0  0.284278  0.132812
   312.0     236.0  0.285192  0.385417
   313.0     236.0  0.286106  0.385417
   314.0     236.0  0.287020  0.385417
   315.0     333.5  0.287934  0.131510
   316.0     334.0  0.288848  0.130208
   317.0     334.5  0.289762  0.128906
   318.0     236.3  0.290676  0.384673
   319.0     236.3  0.291590  0.384673
   320.0     236.3  0.292505  0.384673
   321.0     334.5  0.293419  0.128906
   322.0     334.5  0.294333  0.128906
   323.0     335.0  0.295247  0.127604
   324.0     236.6  0.296161  0.383929
   325.0     236.6  0.297075  0.383929
   326.0     236.6  0.297989  0.383929
   327.0     335.5  0.298903  0.126302
   328.0     335.5  0.299817  0.126302
   329.0     335.5  0.300731  0.126302
   330.0     236.6  0.301645  0.383929
   331.0     236.6  0.302559  0.383929
   332.0     236.6  0.303473  0.383929
   333.0     335.5  0.304388  0.126302
   334.0     335.5  0.305302  0.126302
   335.0     335.5  0.306216  0.126302
   336.0     249.1  0.307130  0.351237
   337.0     278.2  0.308044  0.275391
   338.0     307.4  0.308958  0.199544
   339.0     336.5  0.309872  0.123698
   340.0     336.5  0.310786  0.123698
   341.0     336.5  0.311700  0.123698
   342.0     236.9  0.312614  0.383185
   343.0     236.9  0.313528  0.383185
   344.0     236.9  0.314442  0.383185
   345.0     336.5  0.315356  0.123698
   346.0     336.5  0.316271  0.123698
   347.0     336.5  0.317185  0.123698
   348.0     236.9  0.318099  0.383185
   349.0     236.9  0.319013  0.383185
   350.0     236.9  0.319927  0.383185
   351.0     336.5  0.320841  0.123698
   352.0     336.5  0.321755  0.123698
   353.0     336.5  0.322669  0.123698
   354.0     236.9  0.323583  0.383185
   355.0     236.9  0.324497  0.383185
   356.0     236.9  0.325411  0.383185
   357.0     336.5  0.326325  0.123698
   358.0     335.5  0.327239  0.126302
   359.0     335.5  0.328154  0.126302
   360.0     236.6  0.329068  0.383929
   361.0     236.6  0.329982  0.383929
   362.0     236.6  0.330896  0.383929
   363.0     335.5  0.331810  0.126302
   364.0     335.5  0.332724  0.126302
   365.0     335.5  0.333638  0.126302
   366.0     236.6  0.334552  0.383929
   367.0     236.6  0.335466  0.383929
   368.0     236.6  0.336380  0.383929
   369.0     334.5  0.337294  0.128906
   370.0     334.5  0.338208  0.128906
   371.0     334.5  0.339122  0.128906
   372.0     236.3  0.340037  0.384673
   373.0     236.3  0.340951  0.384673
   374.0     236.3  0.341865  0.384673
   375.0     334.5  0.342779  0.128906
   376.0     333.5  0.343693  0.131510
   377.0     333.5  0.344607  0.131510
   378.0     236.0  0.345521  0.385417
   379.0     236.0  0.346435  0.385417
   380.0     236.0  0.347349  0.385417
   381.0     235.9  0.348263  0.385603
   382.0     235.9  0.349177  0.385789
   383.0     235.8  0.350091  0.385975
   384.0     235.7  0.351005  0.386161
   385.0     235.7  0.351920  0.386161
   386.0     235.7  0.352834  0.386161
   387.0     331.5  0.353748  0.136719
   388.0     331.5  0.354662  0.136719
   389.0     331.5  0.355576  0.136719
   390.0     235.4  0.356490  0.386905
   391.0     235.4  0.357404  0.386905
   392.0     235.1  0.358318  0.387649
   393.0     330.5  0.359232  0.139323
   394.0     330.5  0.360146  0.139323
   395.0     329.5  0.361060  0.141927
   396.0     234.9  0.361974  0.388393
   397.0     234.9  0.362888  0.388393
   398.0     234.9  0.363803  0.388393
   399.0     329.5  0.364717  0.141927
   400.0     329.5  0.365631  0.141927
   401.0     328.5  0.366545  0.144531
   402.0     234.6  0.367459  0.389137
   403.0     234.6  0.368373  0.389137
   404.0     234.3  0.369287  0.389881
   405.0     327.5  0.370201  0.147135
   406.0     327.5  0.371115  0.147135
   407.0     327.5  0.372029  0.147135
   408.0     300.1  0.372943  0.218424
   409.0     272.8  0.373857  0.289714
   410.0     245.4  0.374771  0.361003
   411.0     325.5  0.375686  0.152344
   412.0     325.5  0.376600  0.152344
   413.0     324.5  0.377514  0.154948
   414.0     233.4  0.378428  0.392113
   415.0     233.4  0.379342  0.392113
   416.0     233.4  0.380256  0.392113
   417.0     323.5  0.381170  0.157552
   418.0     323.5  0.382084  0.157552
   419.0     323.5  0.382998  0.157552
   420.0     232.9  0.383912  0.393601
   421.0     232.9  0.384826  0.393601
   422.0     232.9  0.385740  0.393601
   423.0     322.0  0.386654  0.161458
   424.0     321.5  0.387569  0.162760
   425.0     321.5  0.388483  0.162760
   426.0     232.3  0.389397  0.395089
   427.0     232.3  0.390311  0.395089
   428.0     232.3  0.391225  0.395089
   429.0     319.5  0.392139  0.167969
   430.0     319.5  0.393053  0.167969
   431.0     319.5  0.393967  0.167969
   432.0     242.8  0.394881  0.367839
   433.0     267.7  0.395795  0.302951
   434.0     292.6  0.396709  0.238064
   435.0     317.5  0.397623  0.173177
   436.0     317.5  0.398537  0.173177
   437.0     317.0  0.399452  0.174479
   438.0     231.1  0.400366  0.398065
   439.0     231.1  0.401280  0.398065
   440.0     230.9  0.402194  0.398810
   441.0     315.5  0.403108  0.178385
   442.0     315.5  0.404022  0.178385
   443.0     315.0  0.404936  0.179688
   444.0     230.6  0.405850  0.399554
   445.0     230.3  0.406764  0.400298
   446.0     230.3  0.407678  0.400298
   447.0     313.5  0.408592  0.183594
   448.0     313.0  0.409506  0.184896
   449.0     312.5  0.410420  0.186198
   450.0     230.0  0.411335  0.401042
   451.0     229.7  0.412249  0.401786
   452.0     229.7  0.413163  0.401786
   453.0     311.5  0.414077  0.188802
   454.0     310.5  0.414991  0.191406
   455.0     310.5  0.415905  0.191406
   456.0     274.9  0.416819  0.284017
   457.0     239.4  0.417733  0.376628
   458.0     274.4  0.418647  0.285319
   459.0     309.5  0.419561  0.194010
   460.0     308.5  0.420475  0.196615
   461.0     308.5  0.421389  0.196615
   462.0     238.6  0.422303  0.378581
   463.0     261.2  0.423218  0.319661
   464.0     283.9  0.424132  0.260742
   465.0     306.5  0.425046  0.201823
   466.0     306.5  0.425960  0.201823
   467.0     306.5  0.426874  0.201823
   468.0     228.0  0.427788  0.406250
   469.0     228.0  0.428702  0.406250
   470.0     228.0  0.429616  0.406250
   471.0     305.0  0.430530  0.205729
   472.0     304.5  0.431444  0.207031
   473.0     304.5  0.432358  0.207031
   474.0     227.4  0.433272  0.407738
   475.0     227.4  0.434186  0.407738
   476.0     227.4  0.435101  0.407738
   477.0     302.5  0.436015  0.212240
   478.0     302.5  0.436929  0.212240
   479.0     302.5  0.437843  0.212240
   480.0     227.1  0.438757  0.408482
   481.0     226.9  0.439671  0.409226
   482.0     226.9  0.440585  0.409226
   483.0     301.0  0.441499  0.216146
   484.0     300.5  0.442413  0.217448
   485.0     300.5  0.443327  0.217448
   486.0     226.3  0.444241  0.410714
   487.0     226.3  0.445155  0.410714
   488.0     226.3  0.446069  0.410714
   489.0     299.5  0.446984  0.220052
   490.0     298.5  0.447898  0.222656
   491.0     298.5  0.448812  0.222656
   492.0     226.0  0.449726  0.411458
   493.0     225.7  0.450640  0.412202
   494.0     225.7  0.451554  0.412202
   495.0     297.5  0.452468  0.225260
   496.0     297.5  0.453382  0.225260
   497.0     296.5  0.454296  0.227865
   498.0     225.4  0.455210  0.412946
   499.0     225.4  0.456124  0.412946
   500.0     225.1  0.457038  0.413690
   501.0     295.5  0.457952  0.230469
   502.0     295.5  0.458867  0.230469
   503.0     295.5  0.459781  0.230469
   504.0     224.9  0.460695  0.414435
   505.0     224.9  0.461609  0.414435
   506.0     224.9  0.462523  0.414435
   507.0     294.5  0.463437  0.233073
   508.0     293.5  0.464351  0.235677
   509.0     293.5  0.465265  0.235677
   510.0     224.6  0.466179  0.415179
   511.0     224.6  0.467093  0.415179
   512.0     224.6  0.468007  0.415179
   513.0     292.5  0.468921  0.238281
   514.0     292.5  0.469835  0.238281
   515.0     292.5  0.470750  0.238281
   516.0     224.0  0.471664  0.416667
   517.0     224.0  0.472578  0.416667
   518.0     224.0  0.473492  0.416667
   519.0     291.5  0.474406  0.240885
   520.0     291.5  0.475320  0.240885
   521.0     291.5  0.476234  0.240885
   522.0     223.7  0.477148  0.417411
   523.0     223.7  0.478062  0.417411
   524.0     223.7  0.478976  0.417411
   525.0     290.5  0.479890  0.243490
   526.0     290.5  0.480804  0.243490
   527.0     289.5  0.481718  0.246094
   528.0     223.4  0.482633  0.418155
   529.0     223.4  0.483547  0.418155
   530.0     223.4  0.484461  0.418155
   531.0     289.5  0.485375  0.246094
   532.0     289.5  0.486289  0.246094
   533.0     288.5  0.487203  0.248698
   534.0     223.1  0.488117  0.418899
   535.0     223.1  0.489031  0.418899
   536.0     223.1  0.489945  0.418899
   537.0     288.5  0.490859  0.248698
   538.0     288.5  0.491773  0.248698
   539.0     288.5  0.492687  0.248698
   540.0     222.9  0.493601  0.419643
   541.0     222.9  0.494516  0.419643
   542.0     222.9  0.495430  0.419643
   543.0     287.5  0.496344  0.251302
   544.0     287.5  0.497258  0.251302
   545.0     287.5  0.498172  0.251302
   546.0     222.9  0.499086  0.419643
   547.0     222.9  0.500000  0.419643
   548.0     222.9  0.500914  0.419643
   549.0     286.5  0.501828  0.253906
   550.0     286.5  0.502742  0.253906
   551.0     286.5  0.503656  0.253906
   552.0     222.6  0.504570  0.420387
   553.0     222.6  0.505484  0.420387
   554.0     222.6  0.506399  0.420387
   555.0     286.5  0.507313  0.253906
   556.0     286.5  0.508227  0.253906
   557.0     286.5  0.509141  0.253906
   558.0     222.6  0.510055  0.420387
   559.0     222.6  0.510969  0.420387
   560.0     254.5  0.511883  0.337147
   561.0     286.5  0.512797  0.253906
   562.0     286.5  0.513711  0.253906
   563.0     286.5  0.514625  0.253906
   564.0     222.6  0.515539  0.420387
   565.0     222.6  0.516453  0.420387
   566.0     222.6  0.517367  0.420387
   567.0     286.5  0.518282  0.253906
   568.0     286.5  0.519196  0.253906
   569.0     286.5  0.520110  0.253906
   570.0     222.6  0.521024  0.420387
   571.0     222.6  0.521938  0.420387
   572.0     222.6  0.522852  0.420387
   573.0     286.5  0.523766  0.253906
   574.0     287.0  0.524680  0.252604
   575.0     287.5  0.525594  0.251302
   576.0     222.9  0.526508  0.419643
   577.0     222.9  0.527422  0.419643
   578.0     222.9  0.528336  0.419643
   579.0     287.5  0.529250  0.251302
   580.0     287.5  0.530165  0.251302
   581.0     288.0  0.531079  0.250000
   582.0     223.1  0.531993  0.418899
   583.0     223.1  0.532907  0.418899
   584.0     223.1  0.533821  0.418899
   585.0     288.5  0.534735  0.248698
   586.0     288.5  0.535649  0.248698
   587.0     288.5  0.536563  0.248698
   588.0     231.5  0.537477  0.397135
   589.0     250.8  0.538391  0.346788
   590.0     270.2  0.539305  0.296441
   591.0     289.5  0.540219  0.246094
   592.0     289.5  0.541133  0.246094
   593.0     289.5  0.542048  0.246094
   594.0     231.9  0.542962  0.396159
   595.0     251.4  0.543876  0.345269
   596.0     271.0  0.544790  0.294379
   597.0     290.5  0.545704  0.243490
   598.0     290.5  0.546618  0.243490
   599.0     291.0  0.547532  0.242188
   600.0     224.0  0.548446  0.416667
   601.0     224.0  0.549360  0.416667
   602.0     224.0  0.550274  0.416667
   603.0     292.0  0.551188  0.239583
   604.0     292.5  0.552102  0.238281
   605.0     292.5  0.553016  0.238281
   606.0     272.7  0.553931  0.289931
   607.0     252.8  0.554845  0.341580
   608.0     233.0  0.555759  0.393229
   609.0     293.5  0.556673  0.235677
   610.0     293.5  0.557587  0.235677
   611.0     293.5  0.558501  0.235677
   612.0     233.4  0.559415  0.392253
   613.0     253.9  0.560329  0.338759
   614.0     274.5  0.561243  0.285265
   615.0     295.0  0.562157  0.231771
   616.0     295.5  0.563071  0.230469
   617.0     295.5  0.563985  0.230469
   618.0     225.1  0.564899  0.413690
   619.0     225.1  0.565814  0.413690
   620.0     225.1  0.566728  0.413690
   621.0     296.0  0.567642  0.229167
   622.0     296.5  0.568556  0.227865
   623.0     296.5  0.569470  0.227865
   624.0     234.5  0.570384  0.389323
   625.0     234.7  0.571298  0.388835
   626.0     234.9  0.572212  0.388346
   627.0     298.5  0.573126  0.222656
   628.0     298.5  0.574040  0.222656
   629.0     299.0  0.574954  0.221354
   630.0     226.3  0.575868  0.410714
   631.0     226.3  0.576782  0.410714
   632.0     226.3  0.577697  0.410714
   633.0     300.0  0.578611  0.218750
   634.0     300.5  0.579525  0.217448
   635.0     300.5  0.580439  0.217448
   636.0     268.2  0.581353  0.301432
   637.0     236.0  0.582267  0.385417
   638.0     268.8  0.583181  0.300130
   639.0     301.5  0.584095  0.214844
   640.0     302.0  0.585009  0.213542
   641.0     302.5  0.585923  0.212240
   642.0     280.6  0.586837  0.269314
   643.0     258.7  0.587751  0.326389
   644.0     236.8  0.588665  0.383464
   645.0     304.0  0.589580  0.208333
   646.0     304.5  0.590494  0.207031
   647.0     304.5  0.591408  0.207031
   648.0     271.0  0.592322  0.294271
   649.0     237.5  0.593236  0.381510
   650.0     271.5  0.594150  0.292969
   651.0     305.5  0.595064  0.204427
   652.0     305.5  0.595978  0.204427
   653.0     306.0  0.596892  0.203125
   654.0     238.2  0.597806  0.379557
   655.0     261.3  0.598720  0.319444
   656.0     284.4  0.599634  0.259332
   657.0     307.5  0.600548  0.199219
   658.0     308.0  0.601463  0.197917
   659.0     308.5  0.602377  0.196615
   660.0     239.0  0.603291  0.377604
   661.0     262.7  0.604205  0.315972
   662.0     286.3  0.605119  0.254340
   663.0     310.0  0.606033  0.192708
   664.0     310.5  0.606947  0.191406
   665.0     310.5  0.607861  0.191406
   666.0     275.1  0.608775  0.283529
   667.0     239.8  0.609689  0.375651
   668.0     275.9  0.610603  0.281576
   669.0     312.0  0.611517  0.187500
   670.0     312.5  0.612431  0.186198
   671.0     312.5  0.613346  0.186198
   672.0     240.5  0.614260  0.373698
   673.0     240.7  0.615174  0.373210
   674.0     240.9  0.616088  0.372721
   675.0     314.5  0.617002  0.180990
   676.0     314.5  0.617916  0.180990
   677.0     315.0  0.618830  0.179688
   678.0     278.3  0.619744  0.275228
   679.0     241.6  0.620658  0.370768
   680.0     279.1  0.621572  0.273275
   681.0     316.5  0.622486  0.175781
   682.0     316.5  0.623400  0.175781
   683.0     317.0  0.624314  0.174479
   684.0     279.7  0.625229  0.271647
   685.0     242.4  0.626143  0.368815
   686.0     280.4  0.627057  0.269694
   687.0     318.5  0.627971  0.170573
   688.0     319.0  0.628885  0.169271
   689.0     319.5  0.629799  0.167969
   690.0     294.0  0.630713  0.234266
   691.0     268.6  0.631627  0.300564
   692.0     243.1  0.632541  0.366862
   693.0     321.0  0.633455  0.164062
   694.0     321.5  0.634369  0.162760
   695.0     321.5  0.635283  0.162760
   696.0     282.7  0.636197  0.263835
   697.0     243.9  0.637112  0.364909
   698.0     283.4  0.638026  0.261882
   699.0     323.0  0.638940  0.158854
   700.0     323.5  0.639854  0.157552
   701.0     323.5  0.640768  0.157552
   702.0     244.6  0.641682  0.362956
   703.0     271.2  0.642596  0.293620
   704.0     297.9  0.643510  0.224284
   705.0     324.5  0.644424  0.154948
   706.0     325.0  0.645338  0.153646
   707.0     325.5  0.646252  0.152344
   708.0     245.4  0.647166  0.361003
   709.0     272.6  0.648080  0.290148
   710.0     299.8  0.648995  0.219293
   711.0     327.0  0.649909  0.148438
   712.0     327.5  0.650823  0.147135
   713.0     328.0  0.651737  0.145833
   714.0     234.6  0.652651  0.389137
   715.0     234.6  0.653565  0.389137
   716.0     234.6  0.654479  0.389137
   717.0     329.0  0.655393  0.143229
   718.0     329.5  0.656307  0.141927
   719.0     329.5  0.657221  0.141927
   720.0     246.9  0.658135  0.357096
   721.0     247.1  0.659049  0.356608
   722.0     247.2  0.659963  0.356120
   723.0     331.5  0.660878  0.136719
   724.0     331.5  0.661792  0.136719
   725.0     331.5  0.662706  0.136719
   726.0     247.6  0.663620  0.355143
   727.0     276.1  0.664534  0.281033
   728.0     304.5  0.665448  0.206923
   729.0     333.0  0.666362  0.132812
   730.0     333.5  0.667276  0.131510
   731.0     333.5  0.668190  0.131510
   732.0     290.9  0.669104  0.242350
   733.0     248.4  0.670018  0.353190
   734.0     291.4  0.670932  0.241048
   735.0     334.5  0.671846  0.128906
   736.0     335.0  0.672761  0.127604
   737.0     335.5  0.673675  0.126302
   738.0     286.2  0.674589  0.254743
   739.0     236.9  0.675503  0.383185
   740.0     236.9  0.676417  0.383185
   741.0     336.5  0.677331  0.123698
   742.0     337.0  0.678245  0.122396
   743.0     337.5  0.679159  0.121094
   744.0     237.1  0.680073  0.382440
   745.0     237.1  0.680987  0.382440
   746.0     287.8  0.681901  0.250465
   747.0     338.5  0.682815  0.118490
   748.0     338.5  0.683729  0.118490
   749.0     339.0  0.684644  0.117188
   750.0     220.8  0.685558  0.424913
   751.0     220.8  0.686472  0.424913
   752.0     220.8  0.687386  0.424913
   753.0     339.5  0.688300  0.115885
   754.0     340.0  0.689214  0.114583
   755.0     340.5  0.690128  0.113281
   756.0     310.7  0.691042  0.190972
   757.0     280.8  0.691956  0.268663
   758.0     251.0  0.692870  0.346354
   759.0     341.5  0.693784  0.110677
   760.0     341.5  0.694698  0.110677
   761.0     342.0  0.695612  0.109375
   762.0     238.6  0.696527  0.378720
   763.0     238.6  0.697441  0.378720
   764.0     238.6  0.698355  0.378720
   765.0     342.5  0.699269  0.108073
   766.0     343.0  0.700183  0.106771
   767.0     343.5  0.701097  0.105469
   768.0     313.0  0.702011  0.184787
   769.0     282.6  0.702925  0.264106
   770.0     252.1  0.703839  0.343424
   771.0     344.5  0.704753  0.102865
   772.0     344.5  0.705667  0.102865
   773.0     344.5  0.706581  0.102865
   774.0     298.5  0.707495  0.222656
   775.0     252.5  0.708410  0.342448
   776.0     299.0  0.709324  0.221354
   777.0     345.5  0.710238  0.100260
   778.0     345.5  0.711152  0.100260
   779.0     345.5  0.712066  0.100260
   780.0     299.2  0.712980  0.220866
   781.0     252.9  0.713894  0.341471
   782.0     299.7  0.714808  0.219564
   783.0     346.5  0.715722  0.097656
   784.0     346.5  0.716636  0.097656
   785.0     346.5  0.717550  0.097656
   786.0     315.4  0.718464  0.178602
   787.0     284.3  0.719378  0.259549
   788.0     253.2  0.720293  0.340495
   789.0     347.5  0.721207  0.095052
   790.0     347.5  0.722121  0.095052
   791.0     347.5  0.723035  0.095052
   792.0     240.0  0.723949  0.375000
   793.0     240.0  0.724863  0.375000
   794.0     240.0  0.725777  0.375000
   795.0     347.5  0.726691  0.095052
   796.0     347.5  0.727605  0.095052
   797.0     348.0  0.728519  0.093750
   798.0     240.3  0.729433  0.374256
   799.0     240.3  0.730347  0.374256
   800.0     240.3  0.731261  0.374256
   801.0     348.5  0.732176  0.092448
   802.0     348.5  0.733090  0.092448
   803.0     348.5  0.734004  0.092448
   804.0     240.3  0.734918  0.374256
   805.0     240.3  0.735832  0.374256
   806.0     240.3  0.736746  0.374256
   807.0     348.5  0.737660  0.092448
   808.0     348.5  0.738574  0.092448
   809.0     348.5  0.739488  0.092448
   810.0     301.2  0.740402  0.215495
   811.0     254.0  0.741316  0.338542
   812.0     301.8  0.742230  0.214193
   813.0     349.5  0.743144  0.089844
   814.0     349.5  0.744059  0.089844
   815.0     349.5  0.744973  0.089844
   816.0     240.6  0.745887  0.373512
   817.0     240.6  0.746801  0.373512
   818.0     240.6  0.747715  0.373512
   819.0     349.5  0.748629  0.089844
   820.0     349.5  0.749543  0.089844
   821.0     349.5  0.750457  0.089844
   822.0     240.6  0.751371  0.373512
   823.0     240.6  0.752285  0.373512
   824.0     240.6  0.753199  0.373512
   825.0     349.5  0.754113  0.089844
   826.0     349.5  0.755027  0.089844
   827.0     349.5  0.755941  0.089844
   828.0     240.3  0.756856  0.374256
   829.0     240.3  0.757770  0.374256
   830.0     240.3  0.758684  0.374256
   831.0     348.5  0.759598  0.092448
   832.0     348.5  0.760512  0.092448
   833.0     348.5  0.761426  0.092448
   834.0     240.3  0.762340  0.374256
   835.0     240.3  0.763254  0.374256
   836.0     240.3  0.764168  0.374256
   837.0     348.5  0.765082  0.092448
   838.0     348.5  0.765996  0.092448
   839.0     348.5  0.766910  0.092448
   840.0     240.3  0.767824  0.374256
   841.0     240.3  0.768739  0.374256
   842.0     240.0  0.769653  0.375000
   843.0     347.5  0.770567  0.095052
   844.0     347.5  0.771481  0.095052
   845.0     347.5  0.772395  0.095052
   846.0     240.0  0.773309  0.375000
   847.0     240.0  0.774223  0.375000
   848.0     240.0  0.775137  0.375000
   849.0     346.5  0.776051  0.097656
   850.0     346.5  0.776965  0.097656
   851.0     346.5  0.777879  0.097656
   852.0     239.7  0.778793  0.375744
   853.0     239.7  0.779707  0.375744
   854.0     239.7  0.780622  0.375744
   855.0     346.5  0.781536  0.097656
   856.0     345.5  0.782450  0.100260
   857.0     345.5  0.783364  0.100260
   858.0     239.4  0.784278  0.376488
   859.0     239.4  0.785192  0.376488
   860.0     239.4  0.786106  0.376488
   861.0     345.5  0.787020  0.100260
   862.0     344.5  0.787934  0.102865
   863.0     344.5  0.788848  0.102865
   864.0     239.1  0.789762  0.377232
   865.0     238.9  0.790676  0.377976
   866.0     238.9  0.791590  0.377976
   867.0     343.5  0.792505  0.105469
   868.0     343.5  0.793419  0.105469
   869.0     342.5  0.794333  0.108073
   870.0     238.6  0.795247  0.378720
   871.0     238.6  0.796161  0.378720
   872.0     238.6  0.797075  0.378720
   873.0     342.0  0.797989  0.109375
   874.0     341.5  0.798903  0.110677
   875.0     341.5  0.799817  0.110677
   876.0     238.0  0.800731  0.380208
   877.0     238.0  0.801645  0.380208
   878.0     238.0  0.802559  0.380208
   879.0     340.5  0.803473  0.113281
   880.0     339.5  0.804388  0.115885
   881.0     339.5  0.805302  0.115885
   882.0     220.8  0.806216  0.424913
   883.0     220.5  0.807130  0.425781
   884.0     220.5  0.808044  0.425781
   885.0     338.5  0.808958  0.118490
   886.0     338.0  0.809872  0.119792
   887.0     337.5  0.810786  0.121094
   888.0     237.1  0.811700  0.382440
   889.0     236.9  0.812614  0.383185
   890.0     236.9  0.813528  0.383185
   891.0     336.0  0.814442  0.125000
   892.0     335.5  0.815356  0.126302
   893.0     335.0  0.816271  0.127604
   894.0     236.3  0.817185  0.384673
   895.0     236.3  0.818099  0.384673
   896.0     236.0  0.819013  0.385417
   897.0     333.5  0.819927  0.131510
   898.0     333.0  0.820841  0.132812
   899.0     332.5  0.821755  0.134115
   900.0     247.6  0.822669  0.355143
   901.0     275.2  0.823583  0.283203
   902.0     302.9  0.824497  0.211263
   903.0     330.5  0.825411  0.139323
   904.0     330.5  0.826325  0.139323
   905.0     330.0  0.827239  0.140625
   906.0     288.2  0.828154  0.249349
   907.0     246.5  0.829068  0.358073
   908.0     287.2  0.829982  0.251953
   909.0     328.0  0.830896  0.145833
   910.0     327.5  0.831810  0.147135
   911.0     327.0  0.832724  0.148438
   912.0     245.4  0.833638  0.361003
   913.0     245.2  0.834552  0.361491
   914.0     245.0  0.835466  0.361979
   915.0     244.8  0.836380  0.362467
   916.0     244.6  0.837294  0.362956
   917.0     244.4  0.838208  0.363444
   918.0     244.2  0.839122  0.363932
   919.0     244.1  0.840037  0.364421
   920.0     243.9  0.840951  0.364909
   921.0     321.0  0.841865  0.164062
   922.0     320.5  0.842779  0.165365
   923.0     320.0  0.843693  0.166667
   924.0     281.4  0.844607  0.267253
   925.0     242.8  0.845521  0.367839
   926.0     280.4  0.846435  0.269857
   927.0     318.0  0.847349  0.171875
   928.0     317.0  0.848263  0.174479
   929.0     316.5  0.849177  0.175781
   930.0     241.6  0.850091  0.370768
   931.0     241.4  0.851005  0.371257
   932.0     241.2  0.851920  0.371745
   933.0     314.5  0.852834  0.180990
   934.0     314.0  0.853748  0.182292
   935.0     313.0  0.854662  0.184896
   936.0     240.1  0.855576  0.374674
   937.0     239.8  0.856490  0.375651
   938.0     274.9  0.857404  0.284180
   939.0     310.0  0.858318  0.192708
   940.0     309.5  0.859232  0.194010
   941.0     309.0  0.860146  0.195312
   942.0     277.6  0.861060  0.277199
   943.0     246.1  0.861974  0.359086
   944.0     275.8  0.862888  0.281756
   945.0     305.5  0.863803  0.204427
   946.0     305.0  0.864717  0.205729
   947.0     304.5  0.865631  0.207031
   948.0     237.1  0.866545  0.382487
   949.0     236.8  0.867459  0.383464
   950.0     236.4  0.868373  0.384440
   951.0     301.5  0.869287  0.214844
   952.0     301.0  0.870201  0.216146
   953.0     300.0  0.871115  0.218750
   954.0     235.2  0.872029  0.387370
   955.0     234.9  0.872943  0.388346
   956.0     265.9  0.873857  0.307454
   957.0     297.0  0.874771  0.226562
   958.0     296.0  0.875686  0.229167
   959.0     295.0  0.876600  0.231771
   960.0     264.2  0.877514  0.312012
   961.0     233.4  0.878428  0.392253
   962.0     233.0  0.879342  0.393229
   963.0     292.0  0.880256  0.239583
   964.0     291.0  0.881170  0.242188
   965.0     290.5  0.882084  0.243490
   966.0     231.9  0.882998  0.396159
   967.0     231.5  0.883912  0.397135
   968.0     231.1  0.884826  0.398112
   969.0     287.0  0.885740  0.252604
   970.0     286.5  0.886654  0.253906
   971.0     286.0  0.887569  0.255208
   972.0     230.0  0.888483  0.401042
   973.0     229.6  0.889397  0.402018
   974.0     256.3  0.890311  0.332520
   975.0     283.0  0.891225  0.263021
   976.0     282.0  0.892139  0.265625
   977.0     281.0  0.893053  0.268229
   978.0     228.1  0.893967  0.405924
   979.0     227.8  0.894881  0.406901
   980.0     227.4  0.895795  0.407878
   981.0     277.0  0.896709  0.278646
   982.0     276.0  0.897623  0.281250
   983.0     275.5  0.898537  0.282552
   984.0     231.4  0.899452  0.397280
   985.0     245.0  0.900366  0.362076
   986.0     258.5  0.901280  0.326871
   987.0     272.0  0.902194  0.291667
   988.0     271.0  0.903108  0.294271
   989.0     270.0  0.904022  0.296875
   990.0     217.7  0.904936  0.433036
   991.0     217.3  0.905850  0.434152
   992.0     241.9  0.906764  0.370071
   993.0     266.5  0.907678  0.305990
   994.0     265.0  0.908592  0.309896
   995.0     264.0  0.909506  0.312500
   996.0     221.8  0.910420  0.422526
   997.0     221.6  0.911335  0.423014
   998.0     221.4  0.912249  0.423503
   999.0     261.0  0.913163  0.320312
  1000.0     259.5  0.914077  0.324219
  1001.0     258.0  0.914991  0.328125
  1002.0     238.8  0.915905  0.378255
  1003.0     219.5  0.916819  0.428385
  1004.0     219.1  0.917733  0.429362
  1005.0     255.0  0.918647  0.335938
  1006.0     254.0  0.919561  0.338542
  1007.0     253.0  0.920475  0.341146
  1008.0     217.6  0.921389  0.433268
  1009.0     220.8  0.922303  0.425058
  1010.0     216.5  0.923218  0.436198
  1011.0     248.5  0.924132  0.352865
  1012.0     248.0  0.925046  0.354167
  1013.0     247.0  0.925960  0.356771
  1014.0     215.4  0.926874  0.439128
  1015.0     215.0  0.927788  0.440104
  1016.0     217.7  0.928702  0.433160
  1017.0     242.0  0.929616  0.369792
  1018.0     241.0  0.930530  0.372396
  1019.0     240.0  0.931444  0.375000
  1020.0     212.8  0.932358  0.445964
  1021.0     212.4  0.933272  0.446940
  1022.0     212.0  0.934186  0.447917
  1023.0     236.0  0.935101  0.385417
  1024.0     235.0  0.936015  0.388021
  1025.0     233.5  0.936929  0.391927
  1026.0     210.1  0.937843  0.452799
  1027.0     206.9  0.938757  0.461310
  1028.0     209.8  0.939671  0.453776
  1029.0     230.0  0.940585  0.401042
  1030.0     229.0  0.941499  0.403646
  1031.0     228.0  0.942413  0.406250
  1032.0     210.1  0.943327  0.452836
  1033.0     207.5  0.944241  0.459635
  1034.0     207.1  0.945155  0.460612
  1035.0     223.0  0.946069  0.419271
  1036.0     222.0  0.946984  0.421875
  1037.0     221.0  0.947898  0.424479
  1038.0     207.0  0.948812  0.460938
  1039.0     204.9  0.949726  0.466471
  1040.0     204.5  0.950640  0.467448
  1041.0     215.5  0.951554  0.438802
  1042.0     214.0  0.952468  0.442708
  1043.0     213.0  0.953382  0.445312
  1044.0     202.6  0.954296  0.472331
  1045.0     202.2  0.955210  0.473307
  1046.0     201.9  0.956124  0.474284
  1047.0     209.0  0.957038  0.455729
  1048.0     207.5  0.957952  0.459635
  1049.0     206.0  0.958867  0.463542
  1050.0     200.0  0.959781  0.479167
  1051.0     199.6  0.960695  0.480143
  1052.0     199.2  0.961609  0.481120
  1053.0     202.0  0.962523  0.473958
  1054.0     200.5  0.963437  0.477865
  1055.0     199.0  0.964351  0.481771
  1056.0     197.4  0.965265  0.485863
  1057.0     196.8  0.966179  0.487630
  1058.0     196.2  0.967093  0.488932
  1059.0     194.0  0.968007  0.494792
  1060.0     193.0  0.968921  0.497396
  1061.0     192.0  0.969835  0.500000
  1062.0     194.8  0.970750  0.492839
  1063.0     193.7  0.971664  0.495660
  1064.0     193.6  0.972578  0.495768
  1065.0     187.0  0.973492  0.513021
  1066.0     185.5  0.974406  0.516927
  1067.0     184.0  0.975320  0.520833
  1068.0     191.8  0.976234  0.500651
  1069.0     191.4  0.977148  0.501628
  1070.0     189.7  0.978062  0.506076
  1071.0     179.0  0.978976  0.533854
  1072.0     178.0  0.979890  0.536458
  1073.0     176.5  0.980804  0.540365
  1074.0     188.8  0.981718  0.508464
  1075.0     188.4  0.982633  0.509440
  1076.0     188.0  0.983547  0.510417
  1077.0     171.5  0.984461  0.553385
  1078.0     170.0  0.985375  0.557292
  1079.0     169.0  0.986289  0.559896
  1080.0     177.4  0.987203  0.538086
  1081.0     185.8  0.988117  0.516276
  1082.0     181.0  0.989031  0.528646
  1083.0     163.5  0.989945  0.574219
  1084.0     162.0  0.990859  0.578125
  1085.0     161.0  0.991773  0.580729
  1086.0     180.3  0.992687  0.530382
  1087.0     182.4  0.993601  0.525065
  1088.0     182.0  0.994516  0.526042
  1089.0     155.5  0.995430  0.595052
  1090.0     154.0  0.996344  0.598958
  1091.0     152.5  0.997258  0.602865
  1092.0     179.8  0.998172  0.531901
  1093.0     179.4  0.999086  0.532878
